202011
202012
202013
202014
202015
202016
202017
202018
202019
2020110
2020111
2020112
2020113
2020114
2020115
2020116
2020117
2020118
2020119
2020120
2020121
2020122
2020123
2020124
2020125
2020126
2020127
2020128
2020129
2020130
202021
202022
202023
202024
202025
202026
202027
202028
202029
2020210
2020211
2020212
2020213
2020214
2020215
2020216
2020217
2020218
2020219
2020220
2020221
2020222
2020223
2020224
2020225
2020226
2020227
2020228
2020229
2020230
202031
202032
202033
202034
202035
202036
202037
202038
202039
2020310
2020311
2020312
2020313
2020314
2020315
2020316
2020317
2020318
2020319
2020320
2020321
2020322
2020323
2020324
2020325
2020326
2020327
2020328
2020329
2020330
202041
202042
202043
202044
202045
202046
202047
202048
202049
2020410
2020411
2020412
2020413
2020414
2020415
2020416
2020417
2020418
2020419
2020420
2020421
2020422
2020423
2020424
2020425
2020426
2020427
2020428
2020429
2020430
202051
202052
202053
202054
202055
202056
202057
202058
202059
2020510
2020511
2020512
2020513
2020514
2020515
2020516
2020517
2020518
2020519
2020520
2020521
2020522
2020523
2020524
2020525
2020526
2020527
2020528
2020529
2020530
202061
202062
202063
202064
202065
202066
202067
202068
202069
2020610
2020611
2020612
2020613
2020614
2020615
2020616
2020617
2020618
2020619
2020620
2020621
2020622
2020623
2020624
2020625
2020626
2020627
2020628
2020629
2020630
202071
202072
202073
202074
202075
202076
202077
202078
202079
2020710
2020711
2020712
2020713
2020714
2020715
2020716
2020717
2020718
2020719
2020720
2020721
2020722
2020723
2020724
2020725
2020726
2020727
2020728
2020729
2020730
202081
202082
202083
202084
202085
202086
202087
202088
202089
2020810
2020811
2020812
2020813
2020814
2020815
2020816
2020817
2020818
2020819
2020820
2020821
2020822
2020823
2020824
2020825
2020826
2020827
2020828
2020829
2020830
202091
202092
202093
202094
202095
202096
202097
202098
202099
2020910
2020911
2020912
2020913
2020914
2020915
2020916
2020917
2020918
2020919
2020920
2020921
2020922
2020923
2020924
2020925
2020926
2020927
2020928
2020929
2020930
2020101
2020102
2020103
2020104
2020105
2020106
2020107
2020108
2020109
20201010
20201011
20201012
20201013
20201014
20201015
20201016
20201017
20201018
20201019
20201020
20201021
20201022
20201023
20201024
20201025
20201026
20201027
20201028
20201029
20201030
2020111
2020112
2020113
2020114
2020115
2020116
2020117
2020118
2020119
20201110
20201111
20201112
20201113
20201114
20201115
20201116
20201117
20201118
20201119
20201120
20201121
20201122
20201123
20201124
20201125
20201126
20201127
20201128
20201129
20201130
2020121
2020122
2020123
2020124
2020125
2020126
2020127
2020128
2020129
20201210
20201211
20201212
20201213
20201214
20201215
20201216
20201217
20201218
20201219
20201220
20201221
20201222
20201223
20201224
20201225
20201226
20201227
20201228
20201229
20201230
